121212121212121212121212121212121212
343434343434343434343434343434343434
1212121212121212    1212121212121212
3434343434343434    3434343434343434
12y Z                           G 12
34                                34
121 121212121212121212121212121 1212
34y                               34
12                                12
3434        F 34                  34
1212vvvvvvvvvv12                F 12
3434343434343434                  34
12               Z                12
34                                34
12               2121212121212121212
34                                34
12                                12
34                                34
12            E 12                12
34            3434              F 34
12                                12
34                                34
12M     R                         12
34                                34
1212121lBBBBBBBBBBBBBr12121212121212
343434343434343434343434343434343434
