121212121212121212121212121212121212
343434343434343434343434343434343434
12  R      R       R  R      R  R 12
34                                34
12  lbbbbbbbbbbbbbbbbbbbbbbbbbbbbb12
34   R        R          R        34
12                          R     12
34BBBBBBBBBBBBBBBBBBBBBBBBBr      34
12                                12
34                                34
12                                12
34                                34
12                    121212      12
34                    34G   R     34
12                    12          12
34                    343434      34
12                                12
34                                34
12                          R     12
34                                34
12                                12
34                                34
12                      M         12
34                                34
121212121212121212121212121212121212
343434343434343434343434343434343434